# relative_time, cycles_done, cur_item, corpus_count, pending_total, pending_favs, map_size, saved_crashes, saved_hangs, max_depth, execs_per_sec, total_execs, edges_found, total_crashes, servers_count
61, 0, 1, 43, 43, 3, 25.00%, 0, 0, 2, 253.11, 11984, 98, 0, 0
66, 0, 1, 44, 44, 3, 25.00%, 0, 0, 2, 264.97, 13259, 98, 0, 0
71, 0, 1, 45, 45, 3, 25.00%, 0, 0, 2, 233.28, 14381, 98, 0, 0
76, 0, 1, 45, 45, 3, 25.00%, 0, 0, 2, 242.86, 15556, 98, 0, 0
81, 0, 1, 45, 45, 3, 25.00%, 0, 0, 2, 253.66, 16774, 98, 0, 0
86, 0, 1, 46, 46, 3, 25.00%, 0, 0, 2, 256.78, 18047, 98, 0, 0
92, 0, 1, 46, 46, 3, 25.00%, 0, 0, 2, 202.88, 18967, 98, 0, 0
97, 0, 1, 46, 46, 3, 25.00%, 0, 0, 2, 199.61, 19948, 98, 0, 0
102, 0, 1, 46, 46, 3, 25.00%, 0, 0, 2, 214.80, 21020, 98, 0, 0
107, 0, 1, 46, 46, 3, 25.00%, 0, 0, 2, 181.26, 21890, 98, 0, 0
112, 0, 1, 46, 46, 3, 25.00%, 0, 0, 2, 208.41, 22939, 98, 0, 0
117, 0, 1, 46, 46, 3, 25.00%, 0, 0, 2, 217.79, 24060, 98, 0, 0
122, 0, 1, 46, 46, 3, 25.00%, 0, 0, 2, 191.36, 25094, 98, 0, 0
127, 0, 1, 46, 46, 3, 25.00%, 0, 0, 2, 197.46, 26119, 98, 0, 0
132, 0, 1, 46, 46, 3, 25.00%, 0, 0, 2, 199.29, 27080, 98, 0, 0
137, 0, 1, 46, 46, 3, 25.00%, 0, 0, 2, 173.49, 27953, 98, 0, 0
143, 0, 1, 46, 46, 3, 25.00%, 0, 0, 2, 179.16, 28855, 98, 0, 0
148, 0, 1, 46, 46, 3, 25.00%, 0, 0, 2, 180.86, 29691, 98, 0, 0
153, 0, 1, 46, 46, 3, 25.00%, 0, 0, 2, 241.53, 30954, 98, 0, 0
158, 0, 1, 46, 46, 3, 25.00%, 0, 0, 2, 262.40, 32343, 98, 0, 0
163, 0, 1, 46, 46, 3, 25.00%, 0, 0, 2, 238.38, 33492, 98, 0, 0
168, 0, 1, 46, 46, 3, 25.00%, 0, 0, 2, 282.60, 34921, 98, 0, 0
173, 0, 1, 46, 46, 3, 25.00%, 0, 0, 2, 268.71, 36178, 98, 0, 0
178, 0, 1, 46, 46, 3, 25.00%, 0, 0, 2, 261.31, 37393, 98, 0, 0
184, 0, 1, 46, 46, 3, 25.00%, 0, 0, 2, 323.99, 38642, 98, 0, 0
189, 0, 1, 46, 46, 3, 25.00%, 0, 0, 2, 274.67, 39873, 98, 0, 0
194, 0, 1, 46, 46, 3, 25.00%, 0, 0, 2, 245.80, 41044, 98, 0, 0
199, 0, 1, 46, 46, 3, 25.00%, 0, 0, 2, 228.45, 42183, 98, 0, 0
204, 0, 1, 46, 46, 3, 25.00%, 0, 0, 2, 211.69, 43146, 98, 0, 0
209, 0, 1, 46, 46, 3, 25.00%, 0, 0, 2, 225.33, 44307, 98, 0, 0
215, 0, 1, 46, 46, 3, 25.00%, 0, 0, 2, 82.96, 45357, 98, 0, 0
220, 0, 1, 46, 46, 3, 25.00%, 0, 0, 2, 189.72, 46454, 98, 0, 0
225, 0, 1, 46, 46, 3, 25.00%, 0, 0, 2, 228.66, 47600, 98, 0, 0
230, 0, 1, 46, 46, 3, 25.00%, 0, 0, 2, 247.69, 48863, 98, 0, 0
235, 0, 1, 46, 46, 3, 25.00%, 0, 0, 2, 268.31, 50084, 98, 0, 0
240, 0, 1, 46, 46, 3, 25.00%, 0, 0, 2, 264.07, 51385, 98, 0, 0
245, 0, 16, 48, 42, 0, 25.00%, 0, 0, 3, 240.69, 52594, 98, 0, 0
250, 0, 3, 52, 42, 0, 25.00%, 0, 0, 4, 229.88, 53804, 98, 0, 0
255, 0, 5, 52, 41, 0, 25.00%, 0, 0, 4, 224.51, 54868, 98, 0, 0
260, 0, 41, 52, 34, 0, 25.00%, 0, 0, 4, 239.95, 56022, 98, 0, 0
265, 0, 1, 52, 29, 0, 25.00%, 0, 0, 4, 46.95, 57134, 98, 0, 0
271, 0, 51, 52, 26, 0, 25.00%, 0, 0, 4, 191.24, 58322, 98, 0, 0
276, 1, 23, 52, 23, 0, 25.00%, 0, 0, 4, 159.84, 59148, 98, 0, 0
281, 1, 3, 53, 20, 0, 25.00%, 0, 0, 4, 234.79, 60400, 98, 0, 0
286, 1, 30, 53, 15, 0, 25.00%, 0, 0, 4, 193.18, 61365, 98, 0, 0
291, 1, 12, 53, 11, 0, 25.00%, 0, 0, 4, 175.53, 62220, 98, 0, 0
296, 1, 52, 53, 9, 0, 25.00%, 0, 0, 4, 187.74, 63152, 98, 0, 0
301, 1, 4, 53, 4, 0, 25.00%, 0, 0, 4, 236.77, 64327, 98, 0, 0
306, 1, 36, 53, 2, 0, 25.00%, 0, 0, 4, 174.69, 65049, 98, 0, 0
311, 1, 36, 53, 1, 0, 25.00%, 0, 0, 4, 155.52, 65774, 98, 0, 0
316, 2, 1, 53, 0, 0, 25.00%, 0, 0, 4, 213.63, 66941, 98, 0, 0
321, 2, 1, 53, 0, 0, 25.00%, 0, 0, 4, 205.45, 67936, 98, 0, 0
327, 2, 35, 53, 0, 0, 25.00%, 0, 0, 4, 162.68, 68780, 98, 0, 0
332, 2, 36, 53, 0, 0, 25.00%, 0, 0, 4, 205.09, 69807, 98, 0, 0
337, 2, 36, 53, 0, 0, 25.00%, 0, 0, 4, 241.80, 70880, 98, 0, 0
342, 3, 1, 53, 0, 0, 25.00%, 0, 0, 4, 138.97, 71745, 98, 0, 0
347, 3, 31, 53, 0, 0, 25.00%, 0, 0, 4, 179.28, 72688, 98, 0, 0
352, 3, 4, 53, 0, 0, 25.00%, 0, 0, 4, 133.63, 73483, 98, 0, 0
357, 3, 36, 53, 0, 0, 25.00%, 0, 0, 4, 154.75, 74325, 98, 0, 0
362, 3, 4, 53, 0, 0, 25.00%, 0, 0, 4, 144.12, 75062, 98, 0, 0
367, 3, 36, 53, 0, 0, 25.00%, 0, 0, 4, 166.93, 75914, 98, 0, 0
373, 3, 50, 54, 1, 0, 25.00%, 0, 0, 4, 168.98, 76751, 98, 0, 0
378, 4, 14, 54, 1, 0, 25.00%, 0, 0, 4, 171.87, 77601, 98, 0, 0
383, 4, 53, 55, 2, 0, 25.00%, 0, 0, 5, 165.32, 78444, 98, 0, 0
388, 4, 26, 55, 1, 0, 25.00%, 0, 0, 5, 185.40, 79394, 98, 0, 0
393, 4, 45, 55, 1, 0, 25.00%, 0, 0, 5, 190.62, 80333, 98, 0, 0
398, 4, 54, 55, 1, 0, 25.00%, 0, 0, 5, 165.95, 81277, 98, 0, 0
403, 4, 26, 55, 0, 0, 25.00%, 0, 0, 5, 191.58, 82240, 98, 0, 0
408, 4, 1, 55, 0, 0, 25.00%, 0, 0, 5, 216.72, 83302, 98, 0, 0
413, 4, 34, 55, 0, 0, 25.00%, 0, 0, 5, 196.31, 84268, 98, 0, 0
418, 5, 49, 55, 0, 0, 25.00%, 0, 0, 5, 215.51, 85292, 98, 0, 0
423, 5, 36, 55, 0, 0, 25.00%, 0, 0, 5, 201.29, 86294, 98, 0, 0
428, 5, 54, 55, 0, 0, 25.00%, 0, 0, 5, 215.42, 87397, 98, 0, 0
434, 5, 36, 55, 0, 0, 25.00%, 0, 0, 5, 196.88, 88324, 98, 0, 0
439, 5, 54, 55, 0, 0, 25.00%, 0, 0, 5, 150.23, 89286, 98, 0, 0
444, 5, 54, 55, 0, 0, 25.00%, 0, 0, 5, 134.48, 89947, 98, 0, 0
449, 5, 1, 55, 0, 0, 25.00%, 0, 0, 5, 208.61, 91058, 98, 0, 0
454, 5, 36, 55, 0, 0, 25.00%, 0, 0, 5, 229.87, 92208, 98, 0, 0
459, 6, 36, 55, 0, 0, 25.00%, 0, 0, 5, 217.15, 93252, 98, 0, 0
464, 6, 15, 55, 0, 0, 25.00%, 0, 0, 5, 208.91, 94209, 98, 0, 0
470, 6, 36, 55, 0, 0, 25.00%, 0, 0, 5, 196.17, 95139, 98, 0, 0
475, 6, 54, 55, 0, 0, 25.00%, 0, 0, 5, 198.95, 96149, 98, 0, 0
480, 6, 54, 55, 0, 0, 25.00%, 0, 0, 5, 176.21, 96994, 98, 0, 0
485, 6, 21, 55, 0, 0, 25.00%, 0, 0, 5, 194.34, 97953, 98, 0, 0
490, 6, 34, 55, 0, 0, 25.00%, 0, 0, 5, 201.97, 99027, 98, 0, 0
495, 7, 1, 55, 0, 0, 25.00%, 0, 0, 5, 230.29, 100217, 98, 0, 0
500, 7, 5, 55, 0, 0, 25.00%, 0, 0, 5, 219.22, 101272, 98, 0, 0
506, 7, 44, 55, 0, 0, 25.00%, 0, 0, 5, 288.07, 102327, 98, 0, 0
511, 7, 36, 55, 0, 0, 25.00%, 0, 0, 5, 206.47, 103252, 98, 0, 0
516, 7, 54, 55, 0, 0, 25.00%, 0, 0, 5, 185.33, 104215, 98, 0, 0
521, 7, 1, 55, 0, 0, 25.00%, 0, 0, 5, 215.84, 105337, 98, 0, 0
526, 8, 51, 55, 0, 0, 25.00%, 0, 0, 5, 209.06, 106444, 98, 0, 0
531, 8, 48, 55, 0, 0, 25.00%, 0, 0, 5, 221.41, 107534, 98, 0, 0
536, 8, 1, 55, 0, 0, 25.00%, 0, 0, 5, 251.07, 108487, 98, 0, 0
541, 8, 1, 55, 0, 0, 25.00%, 0, 0, 5, 65.35, 109366, 98, 0, 0
547, 8, 54, 55, 0, 0, 25.00%, 0, 0, 5, 136.57, 110214, 98, 0, 0
552, 8, 30, 55, 0, 0, 25.00%, 0, 0, 5, 156.24, 110954, 98, 0, 0
558, 8, 55, 56, 1, 0, 25.00%, 0, 0, 5, 195.45, 112163, 98, 0, 0
563, 8, 55, 57, 2, 0, 25.00%, 0, 0, 5, 176.62, 113037, 98, 0, 0
570, 8, 56, 57, 1, 0, 25.00%, 0, 0, 5, 192.69, 114352, 98, 0, 0
575, 8, 56, 57, 0, 0, 25.00%, 0, 0, 5, 202.81, 115394, 98, 0, 0
580, 8, 48, 57, 0, 0, 25.00%, 0, 0, 5, 205.68, 116389, 98, 0, 0
586, 9, 1, 57, 0, 0, 25.00%, 0, 0, 5, 204.71, 117381, 98, 0, 0
591, 9, 1, 57, 0, 0, 25.00%, 0, 0, 5, 198.30, 118312, 98, 0, 0
596, 9, 56, 57, 0, 0, 25.00%, 0, 0, 5, 188.91, 119289, 98, 0, 0
601, 9, 36, 58, 1, 0, 25.00%, 0, 0, 5, 171.19, 120209, 98, 0, 0
606, 9, 15, 58, 1, 0, 25.00%, 0, 0, 5, 148.65, 120923, 98, 0, 0
611, 9, 57, 58, 1, 0, 25.00%, 0, 0, 5, 91.39, 121345, 98, 0, 0
616, 9, 57, 58, 1, 0, 25.00%, 0, 0, 5, 69.13, 121646, 98, 0, 0
621, 9, 57, 58, 1, 0, 25.00%, 0, 0, 5, 52.12, 121894, 98, 0, 0
628, 9, 57, 58, 1, 0, 25.00%, 0, 0, 5, 49.21, 122231, 98, 0, 0
633, 9, 57, 58, 0, 0, 25.00%, 0, 0, 5, 39.28, 122419, 98, 0, 0
638, 9, 1, 58, 0, 0, 25.00%, 0, 0, 5, 114.86, 123034, 98, 0, 0
643, 9, 4, 58, 0, 0, 25.00%, 0, 0, 5, 154.89, 123845, 98, 0, 0
648, 9, 4, 58, 0, 0, 25.00%, 0, 0, 5, 163.72, 124538, 98, 0, 0
654, 9, 57, 58, 0, 0, 25.00%, 0, 0, 5, 127.97, 125190, 98, 0, 0
659, 10, 49, 58, 0, 0, 25.00%, 0, 0, 5, 118.48, 125700, 98, 0, 0
664, 10, 53, 58, 0, 0, 25.00%, 0, 0, 5, 125.35, 126359, 98, 0, 0
669, 10, 36, 58, 0, 0, 25.00%, 0, 0, 5, 118.98, 126911, 98, 0, 0
674, 10, 4, 58, 0, 0, 25.00%, 0, 0, 5, 97.67, 127359, 98, 0, 0
679, 10, 57, 58, 0, 0, 25.00%, 0, 0, 5, 129.49, 128032, 98, 0, 0
685, 10, 58, 59, 1, 0, 25.00%, 0, 0, 5, 34.10, 128250, 98, 0, 0
690, 10, 58, 59, 1, 0, 25.00%, 0, 0, 5, 35.58, 128419, 98, 0, 0
695, 10, 58, 59, 1, 0, 25.00%, 0, 0, 5, 36.30, 128609, 98, 0, 0
700, 10, 58, 59, 1, 0, 25.00%, 0, 0, 5, 30.77, 128750, 98, 0, 0
705, 10, 58, 59, 1, 0, 25.00%, 0, 0, 5, 28.86, 128893, 98, 0, 0
710, 10, 58, 59, 1, 0, 25.00%, 0, 0, 5, 28.62, 129036, 98, 0, 0
715, 10, 58, 59, 1, 0, 25.00%, 0, 0, 5, 29.98, 129188, 98, 0, 0
721, 10, 58, 59, 1, 0, 25.00%, 0, 0, 5, 30.90, 129365, 98, 0, 0
726, 10, 58, 59, 1, 0, 25.00%, 0, 0, 5, 28.60, 129506, 98, 0, 0
731, 10, 58, 59, 0, 0, 25.00%, 0, 0, 5, 91.51, 129763, 98, 0, 0
736, 10, 58, 59, 0, 0, 25.00%, 0, 0, 5, 50.23, 129964, 98, 0, 0
742, 10, 4, 59, 0, 0, 25.00%, 0, 0, 5, 60.45, 130210, 98, 0, 0
747, 10, 36, 59, 0, 0, 25.00%, 0, 0, 5, 141.18, 131075, 98, 0, 0
752, 10, 53, 59, 0, 0, 25.00%, 0, 0, 5, 119.75, 131627, 98, 0, 0
757, 10, 4, 59, 0, 0, 25.00%, 0, 0, 5, 133.82, 132433, 98, 0, 0
762, 10, 54, 59, 0, 0, 25.00%, 0, 0, 5, 138.27, 133086, 98, 0, 0
767, 11, 49, 59, 0, 0, 25.00%, 0, 0, 5, 129.52, 133771, 98, 0, 0
772, 11, 58, 59, 0, 0, 25.00%, 0, 0, 5, 92.12, 134202, 98, 0, 0
777, 11, 58, 59, 0, 0, 25.00%, 0, 0, 5, 21.23, 134335, 98, 0, 0
782, 11, 1, 59, 0, 0, 25.00%, 0, 0, 5, 48.46, 134589, 98, 0, 0
788, 11, 49, 59, 0, 0, 25.00%, 0, 0, 5, 107.19, 135249, 98, 0, 0
793, 11, 3, 59, 0, 0, 25.00%, 0, 0, 5, 101.28, 135797, 98, 0, 0
798, 11, 9, 59, 0, 0, 25.00%, 0, 0, 5, 110.30, 136374, 98, 0, 0
803, 11, 58, 59, 0, 0, 25.00%, 0, 0, 5, 26.87, 136680, 98, 0, 0
808, 11, 56, 59, 0, 0, 25.00%, 0, 0, 5, 97.44, 137128, 98, 0, 0
813, 11, 49, 59, 0, 0, 25.00%, 0, 0, 5, 125.45, 137812, 98, 0, 0
818, 11, 36, 59, 0, 0, 25.00%, 0, 0, 5, 109.24, 138400, 98, 0, 0
823, 11, 58, 59, 0, 0, 25.00%, 0, 0, 5, 33.53, 138602, 98, 0, 0
828, 11, 58, 59, 0, 0, 25.00%, 0, 0, 5, 101.66, 139120, 98, 0, 0
833, 11, 58, 59, 0, 0, 25.00%, 0, 0, 5, 22.60, 139241, 98, 0, 0
838, 11, 49, 59, 0, 0, 25.00%, 0, 0, 5, 149.95, 139646, 98, 0, 0
844, 11, 36, 59, 0, 0, 25.00%, 0, 0, 5, 144.13, 140364, 98, 0, 0
849, 11, 58, 59, 0, 0, 25.00%, 0, 0, 5, 23.49, 140828, 98, 0, 0
854, 11, 58, 59, 0, 0, 25.00%, 0, 0, 5, 27.67, 140965, 98, 0, 0
859, 12, 36, 59, 0, 0, 25.00%, 0, 0, 5, 134.50, 141443, 98, 0, 0
864, 12, 58, 59, 0, 0, 25.00%, 0, 0, 5, 27.42, 141672, 98, 0, 0
869, 12, 40, 59, 0, 0, 25.00%, 0, 0, 5, 134.57, 141966, 98, 0, 0
874, 12, 36, 59, 0, 0, 25.00%, 0, 0, 5, 116.70, 142572, 98, 0, 0
879, 12, 54, 59, 0, 0, 25.00%, 0, 0, 5, 116.85, 143242, 98, 0, 0
884, 12, 4, 59, 0, 0, 25.00%, 0, 0, 5, 137.35, 143925, 98, 0, 0
890, 12, 3, 59, 0, 0, 25.00%, 0, 0, 5, 132.77, 144619, 98, 0, 0
895, 12, 4, 59, 0, 0, 25.00%, 0, 0, 5, 120.53, 145264, 98, 0, 0
900, 12, 57, 59, 0, 0, 25.00%, 0, 0, 5, 98.11, 145705, 98, 0, 0
905, 12, 30, 59, 0, 0, 25.00%, 0, 0, 5, 90.62, 146138, 98, 0, 0
910, 12, 36, 59, 0, 0, 25.00%, 0, 0, 5, 115.72, 146758, 98, 0, 0
915, 13, 36, 59, 0, 0, 25.00%, 0, 0, 5, 111.94, 147343, 98, 0, 0
920, 13, 58, 59, 0, 0, 25.00%, 0, 0, 5, 63.00, 147647, 98, 0, 0
926, 13, 39, 59, 0, 0, 25.00%, 0, 0, 5, 74.77, 147979, 98, 0, 0
931, 13, 58, 59, 0, 0, 25.00%, 0, 0, 5, 58.30, 148322, 98, 0, 0
936, 13, 4, 59, 0, 0, 25.00%, 0, 0, 5, 35.51, 148456, 98, 0, 0
941, 13, 51, 59, 0, 0, 25.00%, 0, 0, 5, 81.34, 148966, 98, 0, 0
