# relative_time, cycles_done, cur_item, corpus_count, pending_total, pending_favs, map_size, saved_crashes, saved_hangs, max_depth, execs_per_sec, total_execs, edges_found, total_crashes, servers_count
61, 0, 1, 21, 20, 1, 13.77%, 9, 0, 2, 43.32, 2482, 68, 9, 0
66, 0, 1, 21, 20, 1, 13.77%, 9, 0, 2, 39.21, 2671, 68, 9, 0
71, 0, 1, 21, 20, 1, 13.77%, 9, 0, 2, 37.82, 2863, 68, 9, 0
76, 0, 1, 21, 20, 1, 13.77%, 9, 0, 2, 39.33, 3057, 68, 9, 0
81, 0, 1, 21, 20, 1, 13.77%, 9, 0, 2, 45.47, 3292, 68, 9, 0
86, 0, 1, 21, 20, 1, 13.77%, 9, 0, 2, 41.27, 3490, 68, 9, 0
91, 0, 1, 21, 20, 1, 13.77%, 9, 0, 2, 38.64, 3673, 68, 9, 0
97, 0, 1, 21, 20, 1, 13.77%, 9, 0, 2, 37.30, 3870, 68, 9, 0
102, 0, 1, 21, 20, 1, 13.77%, 9, 0, 2, 43.08, 4089, 68, 9, 0
107, 0, 1, 21, 20, 1, 13.77%, 9, 0, 2, 38.76, 4273, 68, 9, 0
112, 0, 1, 21, 20, 1, 13.77%, 9, 0, 2, 39.05, 4464, 68, 9, 0
117, 0, 1, 21, 20, 1, 13.77%, 9, 0, 2, 40.46, 4658, 68, 9, 0
122, 0, 1, 21, 20, 1, 13.77%, 9, 0, 2, 45.95, 4880, 68, 9, 0
127, 0, 1, 21, 20, 1, 13.77%, 9, 0, 2, 38.54, 5060, 68, 9, 0
132, 0, 1, 21, 20, 1, 13.77%, 9, 0, 2, 37.98, 5248, 68, 9, 0
137, 0, 1, 21, 20, 1, 13.77%, 9, 0, 2, 38.82, 5436, 68, 9, 0
142, 0, 1, 21, 20, 1, 13.77%, 9, 0, 2, 40.14, 5641, 68, 9, 0
148, 0, 1, 21, 20, 1, 13.77%, 9, 0, 2, 38.27, 5831, 68, 9, 0
153, 0, 1, 21, 20, 1, 13.77%, 9, 0, 2, 38.27, 6029, 68, 9, 0
158, 0, 1, 21, 20, 1, 13.77%, 9, 0, 2, 41.70, 6249, 68, 9, 0
163, 0, 1, 21, 20, 1, 13.77%, 9, 0, 2, 38.70, 6439, 68, 9, 0
168, 0, 1, 21, 20, 1, 13.77%, 9, 0, 2, 39.76, 6634, 68, 9, 0
173, 0, 1, 21, 20, 1, 13.77%, 9, 0, 2, 40.32, 6831, 68, 9, 0
178, 0, 1, 21, 20, 1, 13.77%, 9, 0, 2, 41.22, 7041, 68, 9, 0
183, 0, 1, 21, 20, 1, 13.77%, 9, 0, 2, 36.95, 7223, 68, 9, 0
189, 0, 1, 21, 20, 1, 13.77%, 9, 0, 2, 39.37, 7421, 68, 9, 0
194, 0, 1, 21, 20, 1, 13.77%, 9, 0, 2, 38.38, 7609, 68, 9, 0
199, 0, 1, 21, 20, 1, 13.77%, 9, 0, 2, 39.54, 7810, 68, 9, 0
204, 0, 1, 21, 20, 1, 13.77%, 9, 0, 2, 37.59, 7991, 68, 9, 0
209, 0, 1, 21, 20, 1, 13.77%, 9, 0, 2, 39.87, 8193, 68, 9, 0
214, 0, 1, 21, 20, 1, 13.77%, 9, 0, 2, 38.20, 8377, 68, 9, 0
219, 0, 1, 21, 20, 1, 13.77%, 9, 0, 2, 39.49, 8577, 68, 9, 0
225, 0, 1, 21, 20, 1, 13.77%, 9, 0, 2, 38.36, 8774, 68, 9, 0
230, 0, 1, 21, 20, 1, 13.77%, 9, 0, 2, 38.11, 8964, 68, 9, 0
235, 0, 1, 21, 20, 1, 13.77%, 9, 0, 2, 37.80, 9158, 68, 9, 0
240, 0, 1, 21, 20, 1, 13.77%, 9, 0, 2, 43.62, 9375, 68, 9, 0
245, 0, 1, 21, 20, 1, 13.77%, 9, 0, 2, 37.54, 9551, 68, 9, 0
250, 0, 1, 21, 20, 1, 13.77%, 9, 0, 2, 38.01, 9750, 68, 9, 0
255, 0, 1, 21, 20, 1, 13.77%, 9, 0, 2, 38.06, 9936, 68, 9, 0
260, 0, 1, 21, 20, 1, 13.77%, 9, 0, 2, 36.92, 10124, 68, 9, 0
265, 0, 1, 21, 20, 1, 13.77%, 9, 0, 2, 39.88, 10326, 68, 9, 0
270, 0, 1, 21, 20, 1, 13.77%, 9, 0, 2, 44.12, 10551, 68, 9, 0
275, 0, 1, 22, 21, 1, 13.77%, 9, 0, 2, 41.49, 10751, 68, 9, 0
280, 0, 1, 22, 21, 1, 13.77%, 9, 0, 2, 46.35, 10984, 68, 9, 0
285, 0, 1, 22, 21, 1, 13.77%, 9, 0, 2, 40.53, 11178, 68, 9, 0
290, 0, 1, 22, 21, 1, 13.77%, 9, 0, 2, 38.65, 11373, 68, 9, 0
296, 0, 1, 22, 21, 1, 13.77%, 9, 0, 2, 43.00, 11593, 68, 9, 0
301, 0, 1, 22, 21, 1, 13.77%, 9, 0, 2, 37.43, 11773, 68, 9, 0
306, 0, 1, 22, 21, 1, 13.77%, 9, 0, 2, 37.63, 11966, 68, 9, 0
311, 0, 1, 22, 21, 1, 13.77%, 9, 0, 2, 37.31, 12158, 68, 9, 0
316, 0, 1, 22, 21, 1, 13.77%, 9, 0, 2, 36.90, 12354, 68, 9, 0
321, 0, 1, 22, 21, 1, 13.77%, 9, 0, 2, 38.78, 12544, 68, 9, 0
326, 0, 1, 22, 21, 1, 13.77%, 9, 0, 2, 37.29, 12730, 68, 9, 0
331, 0, 1, 22, 21, 1, 13.77%, 9, 0, 2, 39.07, 12918, 68, 9, 0
336, 0, 1, 22, 21, 1, 13.77%, 9, 0, 2, 34.71, 13093, 68, 9, 0
342, 0, 1, 22, 21, 1, 13.77%, 9, 0, 2, 33.41, 13264, 68, 9, 0
347, 0, 1, 22, 21, 1, 13.77%, 9, 0, 2, 36.19, 13449, 68, 9, 0
352, 0, 1, 22, 21, 1, 13.77%, 9, 0, 2, 39.96, 13646, 68, 9, 0
357, 0, 1, 22, 21, 1, 13.77%, 9, 0, 2, 35.47, 13818, 68, 9, 0
362, 0, 1, 22, 21, 1, 13.77%, 9, 0, 2, 37.57, 14011, 68, 9, 0
367, 0, 1, 22, 21, 1, 13.77%, 9, 0, 2, 36.27, 14197, 68, 9, 0
372, 0, 1, 22, 21, 1, 13.77%, 9, 0, 2, 37.78, 14389, 68, 9, 0
377, 0, 1, 22, 21, 1, 13.77%, 9, 0, 2, 39.89, 14593, 68, 9, 0
382, 0, 1, 22, 21, 1, 13.77%, 9, 0, 2, 36.63, 14776, 68, 9, 0
387, 0, 1, 22, 21, 1, 13.77%, 9, 0, 2, 40.19, 14973, 68, 9, 0
392, 0, 1, 22, 21, 1, 13.77%, 9, 0, 2, 34.74, 15137, 68, 9, 0
397, 0, 1, 22, 21, 1, 13.77%, 9, 0, 2, 36.07, 15316, 68, 9, 0
402, 0, 1, 22, 21, 1, 13.77%, 9, 0, 2, 36.77, 15504, 68, 9, 0
407, 0, 1, 22, 21, 1, 13.77%, 9, 0, 2, 37.88, 15698, 68, 9, 0
413, 0, 1, 22, 21, 1, 13.77%, 9, 0, 2, 36.23, 15889, 68, 9, 0
418, 0, 1, 22, 21, 1, 13.77%, 9, 0, 2, 39.05, 16082, 68, 9, 0
423, 0, 1, 22, 21, 1, 13.77%, 9, 0, 2, 39.10, 16279, 68, 9, 0
428, 0, 1, 22, 21, 1, 13.77%, 9, 0, 2, 39.75, 16478, 68, 9, 0
433, 0, 1, 22, 21, 1, 13.77%, 9, 0, 2, 39.94, 16675, 68, 9, 0
438, 0, 1, 22, 21, 1, 13.77%, 9, 0, 2, 36.70, 16861, 68, 9, 0
443, 0, 1, 22, 21, 1, 13.77%, 9, 0, 2, 36.85, 17045, 68, 9, 0
448, 0, 1, 22, 21, 1, 13.77%, 9, 0, 2, 40.88, 17250, 68, 9, 0
453, 0, 1, 22, 21, 1, 13.77%, 9, 0, 2, 39.14, 17448, 68, 9, 0
459, 0, 1, 22, 21, 1, 13.77%, 9, 0, 2, 37.86, 17634, 68, 9, 0
464, 0, 1, 22, 21, 1, 13.77%, 9, 0, 2, 36.93, 17824, 68, 9, 0
469, 0, 1, 22, 21, 1, 13.77%, 9, 0, 2, 37.46, 18007, 68, 9, 0
474, 0, 1, 22, 21, 1, 13.77%, 9, 0, 2, 36.45, 18185, 68, 9, 0
479, 0, 1, 22, 21, 1, 13.77%, 9, 0, 2, 38.02, 18367, 68, 9, 0
484, 0, 1, 22, 21, 1, 13.77%, 9, 0, 2, 37.63, 18552, 68, 9, 0
489, 0, 1, 22, 21, 1, 13.77%, 9, 0, 2, 39.60, 18749, 68, 9, 0
494, 0, 1, 22, 21, 1, 13.77%, 9, 0, 2, 37.17, 18946, 68, 9, 0
500, 0, 1, 22, 21, 1, 13.77%, 9, 0, 2, 38.18, 19146, 68, 9, 0
505, 0, 1, 22, 21, 1, 13.77%, 9, 0, 2, 37.43, 19326, 68, 9, 0
510, 0, 1, 22, 21, 1, 13.77%, 9, 0, 2, 35.62, 19503, 68, 9, 0
515, 0, 1, 22, 21, 1, 13.77%, 9, 0, 2, 37.06, 19691, 68, 9, 0
520, 0, 1, 22, 21, 1, 13.77%, 9, 0, 2, 38.35, 19875, 68, 9, 0
525, 0, 1, 22, 21, 1, 13.77%, 9, 0, 2, 41.39, 20093, 68, 9, 0
530, 0, 1, 22, 21, 1, 13.77%, 9, 0, 2, 40.21, 20290, 68, 9, 0
535, 0, 1, 22, 21, 1, 13.77%, 9, 0, 2, 35.10, 20461, 68, 9, 0
540, 0, 1, 22, 21, 1, 13.77%, 9, 0, 2, 36.56, 20656, 68, 9, 0
545, 0, 1, 22, 21, 1, 13.77%, 9, 0, 2, 36.94, 20850, 68, 9, 0
550, 0, 1, 22, 21, 1, 13.77%, 9, 0, 2, 41.76, 21064, 68, 9, 0
555, 0, 1, 22, 21, 1, 13.77%, 9, 0, 2, 39.71, 21264, 68, 9, 0
560, 0, 1, 22, 21, 1, 13.77%, 9, 0, 2, 39.52, 21453, 68, 9, 0
565, 0, 1, 22, 21, 1, 13.77%, 9, 0, 2, 41.48, 21663, 68, 9, 0
571, 0, 1, 22, 21, 1, 13.77%, 9, 0, 2, 38.90, 21852, 68, 9, 0
576, 0, 1, 22, 21, 1, 13.77%, 9, 0, 2, 37.52, 22046, 68, 9, 0
581, 0, 1, 22, 21, 1, 13.77%, 9, 0, 2, 41.77, 22261, 68, 9, 0
586, 0, 1, 22, 21, 1, 13.77%, 9, 0, 2, 36.99, 22442, 68, 9, 0
591, 0, 1, 22, 21, 1, 13.77%, 9, 0, 2, 36.10, 22635, 68, 9, 0
596, 0, 1, 22, 21, 1, 13.77%, 9, 0, 2, 38.00, 22824, 68, 9, 0
602, 0, 1, 22, 21, 1, 13.77%, 9, 0, 2, 37.32, 23020, 68, 9, 0
607, 0, 1, 22, 21, 1, 13.77%, 9, 0, 2, 37.10, 23213, 68, 9, 0
612, 0, 1, 22, 21, 1, 13.77%, 9, 0, 2, 27.73, 23334, 68, 9, 0
617, 0, 1, 22, 21, 1, 13.77%, 9, 0, 2, 27.32, 23472, 68, 9, 0
622, 0, 1, 22, 21, 1, 13.77%, 9, 0, 2, 24.17, 23592, 68, 9, 0
627, 0, 1, 22, 21, 1, 13.77%, 9, 0, 2, 24.34, 23720, 68, 9, 0
632, 0, 1, 22, 21, 1, 13.77%, 9, 0, 2, 27.39, 23862, 68, 9, 0
637, 0, 1, 22, 21, 1, 13.77%, 9, 0, 2, 34.22, 24039, 68, 9, 0
642, 0, 1, 22, 21, 1, 13.77%, 9, 0, 2, 39.27, 24245, 68, 9, 0
647, 0, 1, 22, 21, 1, 13.77%, 9, 0, 2, 40.52, 24454, 68, 9, 0
653, 0, 1, 22, 21, 1, 13.77%, 9, 0, 2, 34.78, 24628, 68, 9, 0
658, 0, 1, 22, 21, 1, 13.77%, 9, 0, 2, 32.11, 24788, 68, 9, 0
663, 0, 1, 22, 21, 1, 13.77%, 9, 0, 2, 33.36, 24965, 68, 9, 0
668, 0, 1, 22, 21, 1, 13.77%, 9, 0, 2, 34.28, 25134, 68, 9, 0
673, 0, 1, 22, 21, 1, 13.77%, 9, 0, 2, 33.53, 25296, 68, 9, 0
678, 0, 1, 22, 21, 1, 13.77%, 9, 0, 2, 32.15, 25465, 68, 9, 0
683, 0, 1, 22, 21, 1, 13.77%, 9, 0, 2, 29.12, 25595, 68, 9, 0
688, 0, 1, 22, 21, 1, 13.77%, 9, 0, 2, 34.46, 25776, 68, 9, 0
694, 0, 1, 22, 21, 1, 13.77%, 9, 0, 2, 33.02, 25941, 68, 9, 0
699, 0, 1, 22, 21, 1, 13.77%, 9, 0, 2, 38.76, 26133, 68, 9, 0
704, 0, 13, 22, 19, 1, 13.77%, 9, 0, 2, 35.10, 26304, 68, 9, 0
709, 0, 18, 22, 18, 0, 13.77%, 9, 0, 2, 24.55, 26410, 68, 9, 0
714, 0, 15, 22, 16, 0, 13.77%, 9, 0, 2, 36.35, 26588, 68, 9, 0
719, 0, 1, 22, 15, 0, 13.77%, 9, 0, 2, 32.29, 26753, 68, 9, 0
724, 0, 9, 23, 15, 0, 13.77%, 9, 0, 3, 32.61, 26927, 68, 9, 0
729, 0, 0, 23, 14, 0, 13.77%, 9, 0, 3, 29.56, 27058, 68, 9, 0
734, 0, 13, 23, 12, 0, 13.77%, 9, 0, 3, 31.45, 27231, 68, 9, 0
739, 0, 13, 23, 10, 0, 13.77%, 9, 0, 3, 44.63, 27480, 68, 9, 0
744, 1, 12, 23, 8, 0, 13.77%, 9, 0, 3, 44.22, 27677, 68, 9, 0
749, 1, 8, 24, 8, 0, 15.38%, 9, 0, 3, 30.35, 27804, 76, 9, 0
755, 1, 23, 29, 12, 1, 15.59%, 9, 0, 4, 179.78, 28466, 77, 9, 0
760, 1, 23, 32, 15, 1, 15.59%, 9, 0, 4, 138.53, 29072, 77, 9, 0
765, 1, 23, 32, 15, 1, 15.59%, 9, 0, 4, 130.90, 29757, 77, 9, 0
770, 1, 13, 32, 13, 0, 15.59%, 9, 0, 4, 17.18, 30145, 77, 9, 0
775, 1, 30, 33, 13, 0, 15.59%, 9, 0, 5, 69.99, 30516, 77, 9, 0
780, 1, 24, 34, 12, 0, 15.59%, 9, 0, 5, 78.47, 30977, 77, 9, 0
786, 1, 1, 35, 11, 0, 15.59%, 9, 0, 5, 19.80, 31580, 77, 9, 0
791, 1, 31, 35, 9, 0, 15.59%, 9, 0, 5, 126.82, 32086, 77, 9, 0
796, 1, 31, 37, 11, 0, 15.59%, 9, 0, 5, 107.28, 32606, 77, 9, 0
801, 1, 36, 37, 9, 0, 15.59%, 9, 0, 5, 94.85, 33101, 77, 9, 0
806, 1, 7, 37, 7, 0, 15.59%, 9, 0, 5, 67.17, 33429, 77, 9, 0
811, 1, 26, 37, 5, 0, 15.59%, 9, 0, 5, 89.26, 33888, 77, 9, 0
816, 1, 37, 38, 4, 0, 15.59%, 9, 0, 6, 115.56, 34516, 77, 9, 0
821, 1, 13, 38, 3, 0, 15.59%, 9, 0, 6, 79.40, 34922, 77, 9, 0
826, 1, 34, 39, 4, 0, 17.21%, 9, 0, 6, 119.60, 35535, 85, 9, 0
832, 1, 38, 39, 3, 1, 17.21%, 9, 0, 6, 118.85, 36151, 85, 9, 0
837, 1, 38, 39, 3, 1, 17.21%, 9, 0, 6, 128.68, 36783, 85, 9, 0
842, 1, 38, 39, 3, 1, 17.21%, 9, 0, 6, 151.35, 37553, 85, 9, 0
847, 1, 27, 39, 2, 0, 17.21%, 9, 0, 6, 166.26, 37901, 85, 9, 0
852, 1, 27, 39, 2, 0, 17.21%, 10, 0, 6, 102.31, 38314, 85, 10, 0
857, 2, 35, 43, 6, 0, 17.21%, 10, 0, 6, 96.25, 38798, 85, 10, 0
862, 2, 35, 43, 6, 0, 17.21%, 10, 0, 6, 92.27, 39262, 85, 10, 0
868, 2, 35, 43, 6, 0, 17.21%, 10, 0, 6, 87.07, 39689, 85, 10, 0
873, 2, 35, 44, 7, 0, 17.21%, 10, 0, 6, 84.18, 40140, 85, 10, 0
878, 2, 35, 45, 8, 0, 17.21%, 11, 0, 6, 85.13, 40587, 85, 11, 0
883, 2, 35, 47, 10, 0, 17.21%, 11, 0, 6, 94.59, 41077, 85, 11, 0
888, 2, 35, 47, 10, 0, 17.21%, 11, 0, 6, 89.40, 41538, 85, 11, 0
893, 2, 35, 47, 10, 0, 17.21%, 11, 0, 6, 83.13, 41995, 85, 11, 0
898, 2, 35, 47, 10, 0, 17.21%, 11, 0, 6, 85.19, 42403, 85, 11, 0
903, 2, 35, 48, 11, 0, 17.21%, 11, 0, 6, 94.83, 42868, 85, 11, 0
909, 2, 35, 48, 11, 0, 17.21%, 11, 0, 6, 91.73, 43316, 85, 11, 0
914, 2, 35, 48, 11, 0, 17.21%, 11, 0, 6, 92.86, 43777, 85, 11, 0
919, 2, 35, 48, 11, 0, 17.21%, 11, 0, 6, 89.04, 44209, 85, 11, 0
924, 2, 35, 48, 11, 0, 17.21%, 11, 0, 6, 83.70, 44615, 85, 11, 0
929, 2, 47, 48, 10, 0, 17.21%, 11, 0, 6, 83.93, 45029, 85, 11, 0
934, 2, 47, 48, 10, 0, 17.21%, 11, 0, 6, 97.22, 45545, 85, 11, 0
939, 2, 40, 48, 9, 0, 17.21%, 11, 0, 6, 87.39, 45982, 85, 11, 0
