# relative_time, cycles_done, cur_item, corpus_count, pending_total, pending_favs, map_size, saved_crashes, saved_hangs, max_depth, execs_per_sec, total_execs, edges_found, total_crashes, servers_count
61, 0, 1, 34, 33, 2, 21.68%, 6, 0, 2, 163.46, 10431, 85, 6, 0
66, 0, 1, 34, 33, 2, 21.68%, 6, 0, 2, 191.14, 11463, 85, 6, 0
71, 0, 1, 34, 33, 2, 21.68%, 6, 0, 2, 194.06, 12473, 85, 6, 0
76, 0, 1, 34, 33, 2, 21.68%, 6, 0, 2, 206.69, 13621, 85, 6, 0
81, 0, 1, 34, 33, 2, 21.68%, 6, 0, 2, 205.63, 14735, 85, 6, 0
86, 0, 1, 34, 33, 2, 21.68%, 6, 0, 2, 190.83, 15790, 85, 6, 0
91, 0, 1, 34, 33, 2, 21.68%, 6, 0, 2, 184.53, 16763, 85, 6, 0
96, 0, 1, 34, 33, 2, 21.68%, 6, 0, 2, 189.57, 17742, 85, 6, 0
102, 0, 1, 34, 33, 2, 21.68%, 6, 0, 2, 193.29, 18864, 85, 6, 0
107, 0, 1, 34, 33, 2, 21.68%, 6, 0, 2, 193.24, 19836, 85, 6, 0
112, 0, 1, 34, 33, 2, 21.68%, 6, 0, 2, 181.30, 20822, 85, 6, 0
117, 0, 1, 34, 33, 2, 21.68%, 6, 0, 2, 164.21, 21692, 85, 6, 0
122, 0, 1, 34, 33, 2, 21.68%, 6, 0, 2, 46.45, 22655, 85, 6, 0
127, 0, 1, 34, 33, 2, 21.68%, 6, 0, 2, 204.49, 23635, 85, 6, 0
132, 0, 1, 34, 33, 2, 21.68%, 6, 0, 2, 188.24, 24602, 85, 6, 0
137, 0, 1, 34, 33, 2, 21.68%, 6, 0, 2, 158.26, 25398, 85, 6, 0
142, 0, 1, 34, 33, 2, 21.68%, 6, 0, 2, 132.16, 26091, 85, 6, 0
147, 0, 1, 34, 33, 2, 21.68%, 6, 0, 2, 145.86, 26833, 85, 6, 0
153, 0, 1, 34, 33, 2, 21.68%, 6, 0, 2, 182.19, 27866, 85, 6, 0
158, 0, 1, 34, 33, 2, 21.68%, 6, 0, 2, 164.72, 28723, 85, 6, 0
163, 0, 1, 34, 33, 2, 21.68%, 6, 0, 2, 34.73, 29586, 85, 6, 0
168, 0, 1, 34, 33, 2, 21.68%, 6, 0, 2, 175.00, 30511, 85, 6, 0
173, 0, 1, 34, 33, 2, 21.68%, 6, 0, 2, 154.44, 31371, 85, 6, 0
178, 0, 1, 34, 33, 2, 21.68%, 6, 0, 2, 40.56, 32362, 85, 6, 0
183, 0, 1, 34, 33, 2, 21.68%, 6, 0, 2, 39.22, 33301, 85, 6, 0
188, 0, 1, 34, 33, 2, 21.68%, 6, 0, 2, 91.02, 34066, 85, 6, 0
194, 0, 1, 34, 33, 2, 21.68%, 6, 0, 2, 166.35, 34944, 85, 6, 0
199, 0, 1, 35, 34, 2, 21.68%, 6, 0, 2, 22.93, 36004, 85, 6, 0
204, 0, 1, 35, 34, 2, 21.68%, 6, 0, 2, 156.05, 36918, 85, 6, 0
209, 0, 1, 35, 34, 2, 21.68%, 6, 0, 2, 170.71, 37893, 85, 6, 0
214, 0, 1, 35, 34, 2, 21.68%, 6, 0, 2, 165.50, 38768, 85, 6, 0
219, 0, 1, 36, 35, 2, 21.68%, 6, 0, 2, 172.64, 39749, 85, 6, 0
224, 0, 1, 36, 35, 2, 21.68%, 6, 0, 2, 161.72, 40604, 85, 6, 0
229, 0, 1, 36, 35, 2, 21.68%, 6, 0, 2, 167.78, 41544, 85, 6, 0
235, 0, 1, 36, 35, 2, 21.68%, 6, 0, 2, 174.66, 42461, 85, 6, 0
240, 0, 1, 36, 35, 2, 21.68%, 6, 0, 2, 40.65, 43548, 85, 6, 0
245, 0, 1, 36, 35, 2, 21.68%, 6, 0, 2, 197.86, 44462, 85, 6, 0
250, 0, 1, 36, 35, 2, 21.68%, 6, 0, 2, 156.85, 45267, 85, 6, 0
255, 0, 1, 36, 35, 2, 21.68%, 6, 0, 2, 164.76, 46188, 85, 6, 0
260, 0, 1, 36, 35, 2, 21.68%, 6, 0, 2, 177.22, 47231, 85, 6, 0
265, 0, 1, 36, 35, 2, 21.68%, 6, 0, 2, 175.64, 48228, 85, 6, 0
270, 0, 1, 36, 35, 2, 21.68%, 6, 0, 2, 183.62, 49260, 85, 6, 0
276, 0, 1, 36, 35, 2, 21.68%, 6, 0, 2, 166.56, 50016, 85, 6, 0
281, 0, 1, 36, 35, 2, 21.68%, 6, 0, 2, 206.35, 51110, 85, 6, 0
286, 0, 8, 37, 31, 0, 21.68%, 6, 0, 3, 47.31, 51796, 85, 6, 0
291, 0, 33, 40, 33, 0, 21.68%, 6, 0, 3, 99.71, 52460, 85, 6, 0
296, 0, 33, 41, 34, 0, 21.68%, 6, 0, 3, 104.28, 52999, 85, 6, 0
301, 0, 33, 41, 34, 0, 21.68%, 6, 0, 3, 97.25, 53513, 85, 6, 0
306, 0, 9, 41, 33, 0, 21.68%, 6, 0, 3, 112.57, 54072, 85, 6, 0
312, 0, 27, 41, 29, 0, 21.68%, 6, 0, 3, 111.04, 54710, 85, 6, 0
317, 0, 35, 43, 30, 0, 21.68%, 6, 0, 3, 72.08, 55059, 85, 6, 0
322, 0, 8, 43, 28, 0, 21.68%, 6, 0, 3, 157.94, 55599, 85, 6, 0
327, 0, 39, 44, 28, 0, 21.68%, 6, 0, 4, 115.98, 56170, 85, 6, 0
332, 0, 23, 44, 25, 0, 21.68%, 6, 0, 4, 101.17, 56630, 85, 6, 0
338, 0, 8, 45, 23, 0, 21.68%, 6, 0, 4, 126.04, 57337, 85, 6, 0
343, 0, 8, 45, 21, 0, 21.68%, 6, 0, 4, 253.54, 57995, 85, 6, 0
348, 0, 36, 47, 23, 0, 21.68%, 6, 0, 4, 188.12, 58694, 85, 6, 0
353, 1, 0, 48, 22, 0, 21.68%, 6, 0, 4, 120.15, 59220, 85, 6, 0
358, 1, 47, 49, 20, 0, 21.68%, 6, 0, 5, 115.42, 59790, 85, 6, 0
363, 1, 44, 49, 17, 0, 21.68%, 6, 0, 5, 135.58, 60497, 85, 6, 0
368, 1, 30, 49, 14, 0, 21.68%, 6, 0, 5, 145.27, 61266, 85, 6, 0
373, 1, 45, 49, 11, 0, 21.68%, 6, 0, 5, 138.31, 61978, 85, 6, 0
379, 1, 48, 49, 10, 0, 21.68%, 6, 0, 5, 110.76, 62551, 85, 6, 0
384, 1, 4, 49, 7, 0, 21.68%, 6, 0, 5, 113.29, 63124, 85, 6, 0
389, 1, 44, 49, 3, 0, 21.68%, 6, 0, 5, 127.72, 63794, 85, 6, 0
394, 1, 24, 49, 2, 0, 21.68%, 6, 0, 5, 113.39, 64311, 85, 6, 0
399, 1, 4, 49, 1, 0, 21.68%, 6, 0, 5, 145.85, 65084, 85, 6, 0
404, 1, 43, 49, 1, 0, 21.68%, 6, 0, 5, 130.75, 65742, 85, 6, 0
409, 1, 8, 49, 0, 0, 21.68%, 6, 0, 5, 142.91, 66446, 85, 6, 0
414, 2, 43, 49, 0, 0, 21.68%, 6, 0, 5, 138.84, 67103, 85, 6, 0
419, 2, 8, 49, 0, 0, 21.68%, 6, 0, 5, 128.64, 67689, 85, 6, 0
424, 2, 35, 49, 0, 0, 21.68%, 6, 0, 5, 25.48, 68269, 85, 6, 0
429, 2, 4, 49, 0, 0, 21.68%, 6, 0, 5, 152.15, 68987, 85, 6, 0
435, 2, 34, 49, 0, 0, 21.68%, 6, 0, 5, 132.09, 69669, 85, 6, 0
440, 2, 8, 49, 0, 0, 21.68%, 6, 0, 5, 115.73, 70287, 85, 6, 0
445, 2, 34, 49, 0, 0, 21.68%, 6, 0, 5, 113.13, 70900, 85, 6, 0
450, 2, 8, 49, 0, 0, 21.68%, 6, 0, 5, 146.62, 71693, 85, 6, 0
455, 2, 15, 49, 0, 0, 21.68%, 6, 0, 5, 163.46, 72586, 85, 6, 0
460, 3, 8, 49, 0, 0, 21.68%, 6, 0, 5, 131.68, 73235, 85, 6, 0
465, 3, 8, 49, 0, 0, 21.68%, 6, 0, 5, 100.00, 73651, 85, 6, 0
470, 3, 21, 49, 0, 0, 21.68%, 6, 0, 5, 108.23, 74259, 85, 6, 0
476, 3, 8, 49, 0, 0, 21.68%, 6, 0, 5, 93.15, 74699, 85, 6, 0
481, 3, 4, 49, 0, 0, 21.68%, 6, 0, 5, 98.04, 75189, 85, 6, 0
486, 3, 43, 49, 0, 0, 21.68%, 6, 0, 5, 157.85, 76102, 85, 6, 0
491, 3, 4, 49, 0, 0, 21.68%, 6, 0, 5, 156.01, 76852, 85, 6, 0
496, 3, 27, 49, 0, 0, 21.68%, 6, 0, 5, 119.73, 77461, 85, 6, 0
501, 3, 8, 49, 0, 0, 21.68%, 6, 0, 5, 108.95, 77960, 85, 6, 0
506, 4, 3, 49, 0, 0, 21.68%, 6, 0, 5, 125.24, 78660, 85, 6, 0
511, 4, 43, 49, 0, 0, 21.68%, 6, 0, 5, 111.92, 79215, 85, 6, 0
516, 4, 35, 49, 0, 0, 21.68%, 6, 0, 5, 21.70, 79917, 85, 6, 0
521, 4, 39, 49, 0, 0, 21.68%, 6, 0, 5, 43.62, 80457, 85, 6, 0
526, 4, 8, 49, 0, 0, 21.68%, 6, 0, 5, 101.38, 81068, 85, 6, 0
531, 4, 19, 49, 0, 0, 21.68%, 6, 0, 5, 105.34, 81637, 85, 6, 0
537, 4, 8, 49, 0, 0, 21.68%, 6, 0, 5, 120.68, 82350, 85, 6, 0
542, 4, 43, 49, 0, 0, 21.68%, 6, 0, 5, 117.36, 82955, 85, 6, 0
547, 4, 43, 49, 0, 0, 21.68%, 6, 0, 5, 111.00, 83527, 85, 6, 0
552, 5, 46, 49, 0, 0, 21.68%, 6, 0, 5, 105.78, 84114, 85, 6, 0
557, 5, 19, 49, 0, 0, 21.68%, 6, 0, 5, 124.09, 84777, 85, 6, 0
562, 5, 41, 49, 0, 0, 21.68%, 6, 0, 5, 86.36, 85235, 85, 6, 0
567, 5, 33, 49, 0, 0, 21.68%, 6, 0, 5, 87.82, 85639, 85, 6, 0
572, 5, 34, 49, 0, 0, 21.68%, 6, 0, 5, 119.49, 86338, 85, 6, 0
578, 5, 43, 49, 0, 0, 21.68%, 6, 0, 5, 112.70, 86896, 85, 6, 0
583, 5, 4, 49, 0, 0, 21.68%, 6, 0, 5, 110.89, 87474, 85, 6, 0
588, 5, 43, 49, 0, 0, 21.68%, 6, 0, 5, 108.41, 88040, 85, 6, 0
593, 5, 41, 49, 0, 0, 21.68%, 6, 0, 5, 110.44, 88658, 85, 6, 0
598, 5, 26, 49, 0, 0, 21.68%, 6, 0, 5, 100.29, 89167, 85, 6, 0
603, 5, 48, 50, 1, 0, 21.68%, 6, 0, 6, 69.76, 89497, 85, 6, 0
608, 5, 49, 50, 1, 0, 21.68%, 6, 0, 6, 53.28, 89748, 85, 6, 0
613, 5, 49, 50, 1, 0, 21.68%, 6, 0, 6, 42.83, 89946, 85, 6, 0
618, 5, 49, 50, 1, 0, 21.68%, 6, 0, 6, 36.10, 90126, 85, 6, 0
625, 5, 49, 50, 1, 0, 21.68%, 6, 0, 6, 35.86, 90376, 85, 6, 0
631, 5, 49, 51, 2, 0, 21.68%, 6, 0, 7, 33.56, 90537, 85, 6, 0
636, 5, 49, 51, 2, 0, 21.68%, 6, 0, 7, 37.41, 90725, 85, 6, 0
641, 5, 49, 51, 2, 0, 21.68%, 6, 0, 7, 46.13, 90965, 85, 6, 0
646, 5, 49, 51, 2, 0, 21.68%, 6, 0, 7, 42.57, 91166, 85, 6, 0
651, 5, 49, 51, 2, 0, 21.68%, 6, 0, 7, 48.46, 91407, 85, 6, 0
656, 5, 50, 51, 1, 0, 21.68%, 6, 0, 7, 43.65, 91600, 85, 6, 0
661, 5, 50, 51, 1, 0, 21.68%, 6, 0, 7, 69.17, 91954, 85, 6, 0
666, 5, 50, 51, 1, 0, 21.68%, 6, 0, 7, 61.42, 92263, 85, 6, 0
671, 5, 50, 51, 1, 0, 21.68%, 6, 0, 7, 49.91, 92504, 85, 6, 0
676, 5, 50, 51, 1, 0, 21.68%, 6, 0, 7, 50.16, 92751, 85, 6, 0
682, 5, 49, 51, 0, 0, 21.68%, 6, 0, 7, 42.19, 92943, 85, 6, 0
687, 6, 8, 51, 0, 0, 21.68%, 6, 0, 7, 72.11, 93329, 85, 6, 0
692, 6, 45, 52, 1, 0, 21.68%, 6, 0, 7, 74.59, 93706, 85, 6, 0
697, 6, 51, 52, 1, 0, 21.68%, 6, 0, 7, 75.59, 94089, 85, 6, 0
702, 6, 51, 52, 1, 0, 21.68%, 6, 0, 7, 80.28, 94482, 85, 6, 0
707, 6, 51, 52, 1, 0, 21.68%, 6, 0, 7, 79.24, 94853, 85, 6, 0
712, 6, 51, 52, 1, 0, 21.68%, 6, 0, 7, 73.33, 95239, 85, 6, 0
717, 6, 5, 52, 0, 0, 21.68%, 6, 0, 7, 79.23, 95592, 85, 6, 0
723, 6, 4, 52, 0, 0, 21.68%, 6, 0, 7, 83.53, 96030, 85, 6, 0
728, 6, 41, 52, 0, 0, 21.68%, 6, 0, 7, 67.57, 96377, 85, 6, 0
733, 6, 8, 52, 0, 0, 21.68%, 6, 0, 7, 85.61, 96811, 85, 6, 0
738, 6, 38, 52, 0, 0, 21.68%, 6, 0, 7, 84.14, 97241, 85, 6, 0
743, 6, 51, 52, 0, 0, 21.68%, 6, 0, 7, 94.29, 97714, 85, 6, 0
748, 6, 3, 52, 0, 0, 21.68%, 6, 0, 7, 71.46, 98010, 85, 6, 0
754, 6, 4, 52, 0, 0, 21.68%, 6, 0, 7, 78.27, 98452, 85, 6, 0
759, 6, 41, 52, 0, 0, 21.68%, 6, 0, 7, 84.51, 98852, 85, 6, 0
764, 6, 51, 52, 0, 0, 21.68%, 6, 0, 7, 69.25, 99158, 85, 6, 0
769, 6, 51, 52, 0, 0, 21.68%, 6, 0, 7, 35.14, 99287, 85, 6, 0
774, 6, 51, 52, 0, 0, 21.68%, 6, 0, 7, 66.22, 99635, 85, 6, 0
779, 6, 8, 52, 0, 0, 21.68%, 6, 0, 7, 51.47, 99872, 85, 6, 0
785, 6, 35, 52, 0, 0, 21.68%, 6, 0, 7, 61.18, 100239, 85, 6, 0
790, 7, 3, 52, 0, 0, 21.68%, 6, 0, 7, 76.14, 100657, 85, 6, 0
795, 7, 4, 52, 0, 0, 21.68%, 6, 0, 7, 52.37, 100906, 85, 6, 0
800, 7, 8, 52, 0, 0, 21.68%, 6, 0, 7, 60.36, 101210, 85, 6, 0
805, 7, 3, 52, 0, 0, 21.68%, 6, 0, 7, 83.97, 101657, 85, 6, 0
810, 7, 46, 52, 0, 0, 21.68%, 6, 0, 7, 101.37, 102233, 85, 6, 0
815, 7, 23, 52, 0, 0, 21.68%, 6, 0, 7, 107.14, 102795, 85, 6, 0
820, 7, 51, 52, 0, 0, 21.68%, 6, 0, 7, 68.04, 103093, 85, 6, 0
826, 7, 31, 52, 0, 0, 21.68%, 6, 0, 7, 56.25, 103350, 85, 6, 0
831, 7, 7, 52, 0, 0, 21.68%, 6, 0, 7, 73.18, 103745, 85, 6, 0
836, 7, 9, 52, 0, 0, 21.68%, 6, 0, 7, 79.04, 104137, 85, 6, 0
841, 7, 17, 52, 0, 0, 21.68%, 6, 0, 7, 93.69, 104621, 85, 6, 0
846, 7, 15, 52, 0, 0, 21.68%, 6, 0, 7, 89.15, 105088, 85, 6, 0
851, 7, 44, 52, 0, 0, 21.68%, 6, 0, 7, 77.09, 105418, 85, 6, 0
856, 7, 4, 52, 0, 0, 21.68%, 6, 0, 7, 66.72, 105746, 85, 6, 0
861, 7, 43, 52, 0, 0, 21.68%, 6, 0, 7, 62.05, 106064, 85, 6, 0
866, 8, 3, 52, 0, 0, 21.68%, 6, 0, 7, 83.83, 106493, 85, 6, 0
871, 8, 3, 52, 0, 0, 21.68%, 6, 0, 7, 62.81, 106797, 85, 6, 0
877, 8, 47, 52, 0, 0, 21.68%, 6, 0, 7, 73.78, 107176, 85, 6, 0
882, 8, 38, 52, 0, 0, 21.68%, 6, 0, 7, 68.11, 107535, 85, 6, 0
887, 8, 24, 52, 0, 0, 21.68%, 6, 0, 7, 64.00, 107853, 85, 6, 0
892, 8, 51, 52, 0, 0, 21.68%, 6, 0, 7, 65.33, 108164, 85, 6, 0
897, 8, 46, 52, 0, 0, 21.68%, 6, 0, 7, 74.67, 108496, 85, 6, 0
902, 8, 45, 52, 0, 0, 21.68%, 6, 0, 7, 53.93, 108729, 85, 6, 0
907, 8, 31, 52, 0, 0, 21.68%, 6, 0, 7, 90.84, 109188, 85, 6, 0
912, 8, 8, 52, 0, 0, 21.68%, 6, 0, 7, 81.12, 109567, 85, 6, 0
918, 8, 44, 52, 0, 0, 21.68%, 6, 0, 7, 63.00, 109880, 85, 6, 0
923, 8, 51, 52, 0, 0, 21.68%, 6, 0, 7, 34.95, 110029, 85, 6, 0
928, 8, 51, 52, 0, 0, 21.68%, 6, 0, 7, 26.41, 110143, 85, 6, 0
933, 8, 45, 52, 0, 0, 21.68%, 6, 0, 7, 44.47, 110373, 85, 6, 0
938, 8, 16, 52, 0, 0, 21.68%, 6, 0, 7, 49.75, 110682, 85, 6, 0
